S
43.0 96.0 42.0 21.0 34.0 15.0 13.0 59.0 82.0 4.0 35.0 93.0
78.0 97.0 91.0 19.0 38.0 91.0 16.0 90.0 38.0 53.0 31.0 73.0
25.0 37.0 40.0 40.0 34.0 39.0 98.0 77.0 29.0 2.0 84.0 54.0
33.0 99.0 98.0 87.0 3.0 53.0 16.0 64.0 98.0 12.0 13.0 89.0
2.0 25.0 65.0 10.0 40.0 8.0 97.0 42.0 32.0 70.0 98.0 95.0
80.0 95.0 22.0 16.0 14.0 72.0 97.0 32.0 2.0 85.0 88.0 60.0
86.0 13.0 86.0 92.0 55.0 24.0 2.0 30.0 12.0 25.0 16.0 37.0
53.0 93.0 3.0 7.0 75.0 12.0 15.0 1.0 8.0 6.0 68.0 17.0
51.0 14.0 23.0 98.0 99.0 92.0 28.0 91.0 13.0 88.0 91.0 65.0
5.0 2.0 17.0 17.0 96.0 75.0 6.0 56.0 17.0 38.0 7.0 96.0
36.0 32.0 46.0 40.0 98.0 1.0 54.0 76.0 9.0 22.0 14.0 61.0
65.0 26.0 55.0 90.0 61.0 34.0 81.0 28.0 63.0 90.0 47.0 80.0
