S
6.0 90.0 70.0 55.0 69.0 69.0 62.0 79.0 7.0 9.0 54.0 43.0
30.0 75.0 74.0 58.0 99.0 52.0 88.0 51.0 77.0 92.0 77.0 10.0
89.0 99.0 84.0 60.0 90.0 25.0 95.0 82.0 96.0 5.0 92.0 10.0
62.0 58.0 33.0 88.0 65.0 78.0 71.0 59.0 81.0 70.0 83.0 32.0
7.0 50.0 45.0 52.0 18.0 63.0 68.0 58.0 60.0 58.0 45.0 22.0
2.0 54.0 28.0 91.0 0.0 61.0 49.0 57.0 78.0 35.0 82.0 48.0
7.0 54.0 36.0 30.0 46.0 48.0 45.0 22.0 18.0 24.0 77.0 17.0
30.0 66.0 66.0 14.0 11.0 18.0 13.0 67.0 12.0 9.0 1.0 35.0
7.0 71.0 24.0 6.0 73.0 30.0 26.0 96.0 99.0 28.0 8.0 38.0
16.0 3.0 75.0 67.0 66.0 27.0 86.0 62.0 48.0 35.0 90.0 57.0
76.0 4.0 92.0 24.0 53.0 31.0 95.0 52.0 69.0 39.0 16.0 64.0
9.0 12.0 70.0 38.0 81.0 95.0 85.0 61.0 38.0 93.0 54.0 99.0
