S
86.0 26.0 52.0 44.0 73.0 60.0 63.0 26.0 54.0 1.0 35.0 0.0
60.0 49.0 95.0 82.0 59.0 59.0 69.0 19.0 72.0 79.0 82.0 75.0
86.0 23.0 26.0 13.0 5.0 99.0 13.0 84.0 28.0 26.0 60.0 23.0
8.0 33.0 66.0 62.0 50.0 31.0 12.0 14.0 14.0 58.0 89.0 63.0
19.0 52.0 47.0 35.0 96.0 22.0 22.0 28.0 83.0 36.0 30.0 83.0
20.0 51.0 45.0 44.0 60.0 44.0 81.0 59.0 77.0 90.0 12.0 69.0
59.0 59.0 40.0 6.0 98.0 29.0 60.0 44.0 68.0 60.0 84.0 31.0
54.0 52.0 34.0 42.0 71.0 29.0 91.0 33.0 99.0 46.0 26.0 72.0
22.0 1.0 96.0 41.0 17.0 26.0 65.0 86.0 2.0 93.0 44.0 12.0
80.0 73.0 61.0 22.0 17.0 65.0 25.0 79.0 51.0 59.0 31.0 13.0
11.0 83.0 99.0 19.0 0.0 72.0 47.0 57.0 26.0 12.0 87.0 97.0
59.0 19.0 31.0 59.0 91.0 98.0 70.0 98.0 83.0 12.0 72.0 2.0
