S
80.0 49.0 14.0 87.0 99.0 61.0 17.0 39.0 57.0 46.0 63.0 43.0
79.0 19.0 8.0 27.0 77.0 77.0 97.0 82.0 52.0 14.0 85.0 36.0
61.0 75.0 96.0 20.0 78.0 6.0 1.0 72.0 15.0 46.0 23.0 98.0
57.0 87.0 10.0 39.0 94.0 28.0 8.0 22.0 15.0 7.0 43.0 46.0
50.0 0.0 85.0 21.0 62.0 6.0 73.0 79.0 51.0 82.0 4.0 15.0
58.0 36.0 69.0 41.0 28.0 30.0 98.0 7.0 73.0 35.0 41.0 72.0
12.0 72.0 36.0 54.0 11.0 47.0 6.0 38.0 53.0 26.0 55.0 10.0
76.0 20.0 87.0 0.0 39.0 6.0 17.0 88.0 4.0 56.0 35.0 52.0
48.0 10.0 75.0 90.0 25.0 7.0 83.0 33.0 74.0 1.0 27.0 39.0
94.0 54.0 59.0 20.0 26.0 76.0 73.0 3.0 33.0 41.0 77.0 35.0
43.0 13.0 0.0 56.0 43.0 18.0 60.0 47.0 49.0 58.0 12.0 58.0
74.0 40.0 93.0 89.0 94.0 20.0 77.0 48.0 88.0 34.0 40.0 14.0
