S
49.0 20.0 80.0 78.0 8.0 14.0 59.0 46.0 32.0 6.0 7.0 97.0
59.0 80.0 31.0 74.0 20.0 20.0 88.0 27.0 11.0 18.0 28.0 12.0
97.0 85.0 70.0 33.0 61.0 32.0 10.0 89.0 42.0 82.0 21.0 79.0
37.0 45.0 54.0 10.0 59.0 56.0 20.0 9.0 44.0 63.0 6.0 6.0
71.0 77.0 27.0 24.0 74.0 77.0 93.0 91.0 11.0 24.0 24.0 10.0
42.0 10.0 51.0 19.0 46.0 33.0 80.0 84.0 6.0 40.0 59.0 10.0
80.0 53.0 90.0 44.0 89.0 6.0 56.0 36.0 27.0 59.0 45.0 58.0
31.0 25.0 50.0 49.0 7.0 35.0 89.0 46.0 3.0 49.0 59.0 90.0
78.0 5.0 44.0 49.0 91.0 11.0 10.0 91.0 88.0 80.0 8.0 85.0
38.0 21.0 19.0 72.0 87.0 64.0 5.0 85.0 82.0 3.0 61.0 74.0
4.0 55.0 45.0 3.0 55.0 55.0 88.0 33.0 33.0 29.0 89.0 0.0
3.0 5.0 93.0 60.0 58.0 59.0 74.0 31.0 58.0 68.0 79.0 68.0
