79.5
-35.1
65.0
-89.9
62.2
-30.0
-58.1
-74.0
85.7
66.4
-60.2
-32.1
11.4
34.6
0.2
96.3
-67.9
70.1
27.3
53.4
63.8
43.2
-68.2
-87.9
-13.3
62.1
-12.0
66.9
1.6
-70.3
-14.0
-84.8
19.6
-1.9
43.4
36.9
97.2
-88.6
52.2
-21.0
-54.1
-17.3
-11.7
-8.5
40.9
-21.6
-12.0
87.8
-92.9
45.3
-70.1
73.7
-23.2
87.3
-78.6
38.2
51.2
-21.0
3.9
88.4
28.3
-67.6
47.1
-49.1
73.6
39.5
28.0
-80.1
-41.4
43.2
-4.6
61.1
83.2
65.5
74.3
90.1
-80.2
39.6
-7.0
-34.4
43.1
-62.5
-25.3
61.0
68.5
9.0
10.3
45.9
-98.0
-34.8
88.3
-26.6
-48.1
20.5
-5.4
-76.7
79.7
-90.0
59.1
-18.7