S
68.0 59.0 10.0 88.0 95.0 50.0 60.0 8.0 6.0 7.0 5.0 79.0
18.0 94.0 63.0 2.0 15.0 13.0 39.0 37.0 33.0 27.0 11.0 29.0
12.0 23.0 6.0 42.0 4.0 63.0 7.0 20.0 11.0 74.0 27.0 5.0
63.0 67.0 98.0 85.0 10.0 28.0 37.0 10.0 72.0 34.0 65.0 48.0
34.0 17.0 33.0 49.0 22.0 37.0 20.0 80.0 43.0 4.0 82.0 14.0
64.0 56.0 8.0 92.0 64.0 58.0 54.0 26.0 30.0 54.0 49.0 5.0
40.0 69.0 72.0 6.0 8.0 71.0 70.0 98.0 24.0 16.0 91.0 11.0
15.0 70.0 71.0 53.0 75.0 96.0 97.0 55.0 6.0 20.0 73.0 54.0
21.0 76.0 55.0 68.0 85.0 84.0 82.0 26.0 76.0 96.0 6.0 87.0
13.0 66.0 20.0 88.0 29.0 34.0 83.0 93.0 55.0 98.0 53.0 37.0
77.0 36.0 43.0 10.0 70.0 47.0 57.0 8.0 94.0 48.0 98.0 88.0
3.0 25.0 3.0 35.0 50.0 22.0 11.0 90.0 18.0 43.0 55.0 96.0
